0000000000000000000000000000000000000000000000000000000000000000000000000000000000000000
0000000000000000000000000000000000000000000011000000000000000000000000000000000000000000
0000000000000000000000000000000000000000001111100000000000000000000000000000000000000000
0000000000000000000000000000000000000000112222111110000000000000000000000000000000000000
0000000000000000000011111111111111111111122222222111111111111111111111100000000000000000
0000000000111111111111111122222222222222222222222222222222222111111111111111111111111100
0111111111111111111111112222222222222222222222222222222222222222222222222222222221111100
0111111111111222222222222222222222222222222223222222222222222222222222222222222222222110
1111111222222222222222222222222222222222223333332222222222222222222222222222222222221110
1111122222222222222222222222222222223333333333333333222222222222222222222222222222211110
1111222222222222222222222222222222233333333333333333333333333333333333222222222222111110
1112222222222222222222222222223333333333333333333333333333333333333333333322222221110000
0111122222222222222222222233333333333333333333333333333333333322222222222222222211110000
0011111222222222222223333333333333333333333333333333333333333222222222222222222222211000
0000111111222222222233333333333333333333333333333333333333333332222222222222222222111000
0000000111111222223333333333333333333333333333333333333333333333322222222222222221111000
0000000011111222233333333333333333333322222222222222233333333333333333333333332222111000
0000000000111122223333333333333332222222222222222222222222222222222222222333333332211110
0000000000011222222222222222222222222222222222222222222222222222222222222222333331111110
0000000011112222222222222222222222222222222222222222222222222222222222222223332222211110
0000011115122222222222222222222222222222222222222222222222222222222222222223322222221100
0001111224222222222222222222222222222222222222222222222222222222222222222222322222221100
0001112224222222222222222222112222222222222222222222222222211222222222222222222222211110
0011644444222222222222222211111222222222222222222222222221111112222222222222222111111110
0111122221122222222222221111111111122222211112222111111111100111111112222222111111111100
0011111111112222111111111000000111111222111111111110000000000000001111122211111000000000
0000000000111111111000000000000000011111111001111100000000000000000011111110000000000000
0000000000000000000000000000000000000000000000000000000000000000000000000000000000000000